CODICI_PROV_LOMB <- c("108", "12", "13", "14", "15", "16", "17", "18", "19", "20", "97", "98")

