CODICI_PROV_ER <- c("33", "34", "35", "36", "37", "38", "39", "40", "99")

