CODICI_COMUNI_ER_PR <- c("034001", "034002", "034003", "034004", "034005", "034006", "034007", "034008", "034009", "034010", "034011", "034012", "034013", "034014", "034015", "034016", "034017", "034018", "034019", "034020", "034022", "034023", "034024", "034025", "034026", "034027", "034028", "034030", "034031", "034032", "034033", "034035", "034036", "034038", "034039", "034040", "034041", "034042", "034044", "034045", "034046", "034049", "034050", "034051")

