CODICI_COMUNI_LB_PV <- c("018001", "018003", "018004", "018005", "018006", "018007", "018008", "018009", "018011", "018012", "018013", "018014", "018015", "018016", "018017", "018018", "018019", "018020", "018021", "018022", "018023", "018024", "018025", "018026", "018027", "018029", "018030", "018031", "018032", "018033", "018034", "018035", "018036", "018037", "018038", "018039", "018040", "018041", "018042", "018043", "018044", "018045", "018046", "018047", "018048", "018049", "018050", "018051", "018052", "018053", "018054", "018057", "018058", "018059", "018060", "018061", "018062", "018063", "018064", "018065", "018066", "018067", "018068", "018069", "018071", "018072", "018073", "018074", "018075", "018076", "018077", "018078", "018079", "018080", "018081", "018082", "018083", "018084", "018085", "018086", "018087", "018088", "018089", "018090", "018091", "018092", "018093", "018094", "018095", "018096", "018097", "018098", "018099", "018100", "018101", "018102", "018103", "018104", "018105", "018106", "018107", "018108", "018109", "018110", "018111", "018112", "018113", "018114", "018115", "018116", "018117", "018118", "018119", "018120", "018121", "018122", "018123", "018124", "018125", "018126", "018127", "018128", "018129", "018130", "018131", "018133", "018134", "018135", "018136", "018137", "018138", "018139", "018140", "018141", "018142", "018143", "018144", "018145", "018146", "018147", "018148", "018149", "018150", "018151", "018152", "018153", "018154", "018155", "018156", "018157", "018158", "018159", "018160", "018161", "018162", "018163", "018164", "018165", "018166", "018167", "018168", "018169", "018171", "018172", "018173", "018174", "018175", "018176", "018177", "018178", "018179", "018180", "018181", "018182", "018183", "018184", "018185", "018186", "018187", "018188", "018189", "018190", "018191", "018192", "018193")

