CODICI_COMUNI_LB <- c("012001", "012002", "012003", "012004", "012005", "012006", "012007", "012008", "012010", "012011", "012012", "012013", "012014", "012015", "012016", "012017", "012019", "012020", "012021", "012022", "012023", "012024", "012025", "012026", "012027", "012029", "012030", "012031", "012032", "012033", "012034", "012035", "012036", "012037", "012038", "012039", "012040", "012041", "012042", "012043", "012044", "012045", "012046", "012047", "012048", "012049", "012050", "012051", "012052", "012053", "012054", "012055", "012056", "012057", "012058", "012059", "012060", "012061", "012062", "012063", "012064", "012065", "012066", "012067", "012068", "012069", "012070", "012071", "012072", "012073", "012074", "012075", "012076", "012077", "012078", "012079", "012080", "012081", "012082", "012083", "012084", "012085", "012086", "012087", "012088", "012089", "012090", "012091", "012092", "012093", "012096", "012097", "012098", "012099", "012100", "012101", "012102", "012103", "012104", "012105", "012106", "012107", "012108", "012109", "012110", "012113", "012114", "012115", "012116", "012117", "012118", "012119", "012120", "012121", "012122", "012123", "012124", "012125", "012126", "012127", "012128", "012129", "012130", "012131", "012132", "012133", "012134", "012136", "012137", "012138", "012139", "012140", "012141", "012142", "012143", "012144", "013003", "013004", "013005", "013006", "013007", "013009", "013010", "013011", "013012", "013013", "013015", "013021", "013022", "013023", "013024", "013025", "013026", "013028", "013029", "013030", "013032", "013034", "013035", "013036", "013037", "013040", "013041", "013042", "013043", "013044", "013045", "013046", "013047", "013048", "013052", "013053", "013055", "013058", "013059", "013062", "013063", "013064", "013065", "013068", "013071", "013074", "013075", "013077", "013083", "013084", "013085", "013087", "013089", "013090", "013092", "013095", "013097", "013098", "013099", "013100", "013101", "013102", "013106", "013107", "013110", "013111", "013113", "013114", "013118", "013119", "013120", "013121", "013123", "013126", "013128", "013129", "013130", "013131", "013133", "013134", "013135", "013136", "013137", "013138", "013139", "013143", "013144", "013145", "013147", "013152", "013153", "013154", "013155", "013157", "013159", "013160", "013161", "013163", "013165", "013169", "013170", "013178", "013183", "013184", "013185", "013186", "013187", "013188", "013189", "013192", "013193", "013195", "013197", "013201", "013202", "013203", "013204", "013206", "013207", "013211", "013212", "013216", "013217", "013218", "013222", "013223", "013226", "013227", "013229", "013232", "013233", "013234", "013236", "013238", "013239", "013242", "013245", "013246", "013248", "013249", "013250", "013251", "013252", "013253", "013254", "013255", "013256", "014001", "014002", "014003", "014004", "014005", "014006", "014007", "014008", "014009", "014010", "014011", "014012", "014013", "014014", "014015", "014016", "014017", "014018", "014019", "014020", "014021", "014022", "014023", "014024", "014025", "014026", "014027", "014028", "014029", "014030", "014031", "014032", "014033", "014034", "014035", "014036", "014037", "014038", "014039", "014040", "014041", "014043", "014044", "014045", "014046", "014047", "014048", "014049", "014050", "014051", "014052", "014053", "014054", "014055", "014056", "014057", "014058", "014059", "014060", "014061", "014062", "014063", "014064", "014065", "014066", "014067", "014068", "014069", "014070", "014071", "014072", "014073", "014074", "014075", "014076", "014077", "014078", "015002", "015005", "015007", "015009", "015010", "015011", "015012", "015014", "015015", "015016", "015019", "015022", "015024", "015026", "015027", "015032", "015035", "015036", "015038", "015040", "015041", "015042", "015044", "015046", "015050", "015051", "015055", "015058", "015059", "015060", "015061", "015062", "015070", "015071", "015072", "015074", "015076", "015077", "015078", "015081", "015082", "015085", "015086", "015087", "015093", "015096", "015097", "015098", "015099", "015101", "015103", "015105", "015106", "015108", "015110", "015112", "015113", "015114", "015115", "015116", "015118", "015122", "015125", "015130", "015131", "015134", "015136", "015139", "015140", "015142", "015144", "015146", "015150", "015151", "015154", "015155", "015157", "015158", "015159", "015164", "015165", "015166", "015167", "015168", "015169", "015170", "015171", "015172", "015173", "015175", "015176", "015177", "015178", "015179", "015181", "015182", "015183", "015184", "015185", "015188", "015189", "015191", "015192", "015194", "015195", "015200", "015201", "015202", "015204", "015205", "015206", "015209", "015210", "015211", "015213", "015219", "015220", "015221", "015222", "015224", "015226", "015229", "015230", "015236", "015237", "015242", "015243", "015244", "015247", "015248", "015249", "015250", "015251", "016001", "016002", "016003", "016004", "016005", "016006", "016007", "016008", "016009", "016010", "016011", "016012", "016013", "016014", "016015", "016016", "016017", "016018", "016019", "016020", "016021", "016022", "016023", "016024", "016025", "016026", "016027", "016028", "016029", "016030", "016031", "016032", "016033", "016034", "016035", "016036", "016037", "016038", "016040", "016041", "016042", "016043", "016044", "016046", "016047", "016048", "016049", "016050", "016051", "016052", "016053", "016055", "016056", "016057", "016058", "016059", "016060", "016061", "016062", "016063", "016064", "016065", "016066", "016067", "016068", "016069", "016070", "016071", "016072", "016073", "016074", "016075", "016076", "016077", "016078", "016079", "016080", "016081", "016082", "016083", "016084", "016085", "016086", "016087", "016088", "016089", "016090", "016091", "016092", "016093", "016094", "016096", "016097", "016098", "016099", "016100", "016101", "016102", "016103", "016104", "016105", "016106", "016107", "016108", "016109", "016110", "016111", "016113", "016114", "016115", "016116", "016117", "016118", "016119", "016120", "016121", "016122", "016123", "016124", "016125", "016126", "016127", "016128", "016129", "016130", "016131", "016132", "016133", "016134", "016135", "016136", "016137", "016139", "016140", "016141", "016142", "016143", "016144", "016145", "016146", "016147", "016148", "016149", "016150", "016151", "016152", "016153", "016154", "016155", "016156", "016157", "016158", "016159", "016160", "016161", "016162", "016163", "016164", "016165", "016166", "016167", "016168", "016169", "016170", "016171", "016172", "016173", "016174", "016175", "016176", "016177", "016178", "016179", "016180", "016182", "016183", "016184", "016185", "016186", "016187", "016188", "016189", "016190", "016191", "016193", "016194", "016195", "016196", "016197", "016198", "016199", "016200", "016201", "016202", "016203", "016204", "016205", "016206", "016207", "016208", "016209", "016210", "016211", "016212", "016213", "016214", "016215", "016216", "016217", "016218", "016219", "016220", "016221", "016222", "016223", "016224", "016225", "016226", "016227", "016229", "016230", "016232", "016233", "016234", "016235", "016236", "016237", "016238", "016239", "016240", "016241", "016242", "016243", "016244", "016245", "016246", "016247", "016248", "016249", "016250", "016251", "016252", "016253", "017001", "017002", "017003", "017004", "017005", "017006", "017007", "017008", "017009", "017010", "017011", "017012", "017013", "017014", "017015", "017016", "017017", "017018", "017019", "017020", "017021", "017022", "017023", "017024", "017025", "017026", "017027", "017028", "017029", "017030", "017031", "017032", "017033", "017034", "017035", "017036", "017037", "017038", "017039", "017040", "017041", "017042", "017043", "017044", "017045", "017046", "017047", "017048", "017049", "017050", "017051", "017052", "017053", "017054", "017055", "017056", "017057", "017058", "017059", "017060", "017061", 