

# Parma Colours ----


blu_sc <-  "#033c55"
blu_md <-  "#005d82"
blu_lg <-  "#5582a7"

grn_sc <-  "#246864"
grn_md <-  "#539d90"
grn_lg <-  "#8eb9b1"

pur_sc <-  "#553c64"
pur_md <-  "#805f95"
pur_lg <-  "#9a8da3"

ylw_sc <-  "#9f7d35"
ylw_md <-  "#d9b942"
ylw_lg <-  "#f7da7b"


grey_extrlight  <- "#FDFBF7"
grey_m <-  "#d3d3d3"
grey_sc <-  "#a9a9a9"


burg_sc<- "#5C2129"
burg_md<- "#873C4A"
burg_lg<- "#B85E6A"

# Ggplot ready -----

seq_dummy_blue <- c('#deebf7','#9ecae1','#3182bd')
seq_factor_blue <- c('#f7fbff','#deebf7','#c6dbef','#9ecae1','#6baed6','#4292c6','#2171b5','#084594')

seq_dummy_red <- c('#fee0d2','#fc9272','#de2d26')
seq_factor_red <- c('#fff5f0','#fee0d2','#fcbba1','#fc9272','#fb6a4a','#ef3b2c','#cb181d','#99000d')

seq_dummy_green <- c('#e5f5e0','#a1d99b','#31a354')
seq_factor_green <- c('#f7fcf5','#e5f5e0','#c7e9c0','#a1d99b','#74c476','#41ab5d','#238b45','#005a32')

seq_dummy_purple <- c('#efedf5','#bcbddc','#756bb1')
seq_factor_purple <- c('#fcfbfd','#efedf5','#dadaeb','#bcbddc','#9e9ac8','#807dba','#6a51a3','#4a1486')

seq_dummy_grey <- c('#f0f0f0','#bdbdbd','#636363')
seq_factor_grey <- c('#ffffff','#f0f0f0','#d9d9d9','#bdbdbd','#969696','#737373','#525252','#252525')


div_dummy_ter <- c('#d8b365','#f5f5f5','#5ab4ac')
div_factor_ter <- c('#8c510a','#bf812d','#dfc27d','#f6e8c3','#c7eae5','#80cdc1','#35978f','#01665e')

div_dummy_red_blu <- c('#d73027','#f7f7f7','#4575b4')
div_factor_red_blu <- c('#d53e4f','#f46d43','#fdae61','#fee08b','#e6f598','#abdda4','#66c2a5','#3288bd')


